"x","y","z"
327572,4765486,-5466
328216,4765470,-4870
325835,4766420,-4862
321250,4775017,-2100
332530,4765174,-3059
326421,4769614,-1813
322404,4766816,-5469
325752,4767419,-5453
331115,4759864,-1276
330473,4767684,-913
325913,4769130,-2164
330160,4767558,6
326851,4767235,-4503
330412,4764385,-1916
328313,4769370,-405
328606,4764639,-4205
326654,4766269,-1367
328107,4768861,-529
322107,4774300,-5772
325247,4763758,326
329375,4767457,-2064
326792,4766181,-1199
321349,4769722,-6842
322385,4770362,-2105
329273,4767299,-1901
328399,4768542,-1714
324414,4767330,-4529
322225,4768325,-5618
329342,4769466,-1528
328844,4768318,-1734
328812,4767855,205
326056,4767834,-3538
322471,4769362,-5328
322351,4770581,-7395
321583,4769066,-8085
323446,4774048,-3216
323372,4774215,-4039
321734,4767081,-5795
322567,4769760,-5259
326398,4767913,-3768
330700,4759387,-1900
330235,4757409,-1930
330168,4757523,-1935
321748,4775132,-4574
322669,4768114,-4836
331370,4757360,-955
322046,4772089,-3697
329112,4768104,-1235
322920,4773184,-5059
322904,4776592,-2113
330689,4767732,-1116
322085,4775186,-7769
327320,4770757,-931
330159,4768574,-237
327512,4770691,-686
324761,4772459,-2781
332112,4766431,-610
328571,4768446,-1809
330610,4757683,-1947
331807,4757453,-3713
322255,4777833,-4196
330371,4758306,-2125
330245,4758178,-1923
321623,4769643,-6756
321693,4769877,-7473
327094,4768445,-1690
324110,4765656,-4880
323629,4765892,-4792
321313,4777751,-8841
326131,4768226,-2499
324267,4766791,-4688
326080,4768535,-2900
327261,4768876,-1897
327189,4768313,-1603
326147,4769777,-1814
330639,4765895,-1560
328481,4769630,-1452
329645,4768506,-960
330634,4758685,-2106
330522,4758752,-2152
329371,4761733,-3430
332474,4764522,-1407
326536,4765463,-1712
327319,4767968,-1764
320809,4776265,-5653
326155,4767340,-3932
322776,4767932,-5326
321629,4776850,-6008
324181,4767513,-4173
323779,4778086,-992
325748,4769099,-2174
327248,4767629,-1980
327416,4768610,-1924
324117,4776680,-1837
329745,4764005,-2462
331549,4763300,109
331130,4762210,-201
331754,4757475,-412
334134,4761707,-4581
325918,4769104,-2540
321627,4774165,-3483
322201,4770003,-3580
322116,4770541,-6584
321571,4767052,-6593
324231,4762286,-821
329410,4767502,-2520
324078,4776630,-1749
324352,4761888,-142
324027,4762237,-615
326548,4769442,-2090
329971,4756128,-4575
321366,4772159,-3563
326893,4767682,-2431
322312,4766311,-6376
324041,4767426,-4546
325534,4765077,-5937
319375,4768434,-6625
323924,4765870,-5098
329471,4768212,-1810
325080,4774592,-1967
328534,4760880,-1720
321765,4773005,-3275
328198,4767592,-2712
330673,4764438,-2125
325835,4760962,378
320932,4767667,-8423
327069,4771281,-1002
326942,4771100,-1176
327669,4767628,-3857
326015,4760453,-44
321105,4770231,-6077
325098,4769717,-2922
328285,4769056,-853
325057,4774579,-2581
330421,4759234,-2386
327269,4768460,-2208
322309,4768811,-6534
323639,4772791,-3636
319837,4774022,-3384
323719,4776965,-1834
320799,4772452,-3167
321129,4771924,-2117
323656,4772679,-3407
321363,4772565,-3437
320959,4776305,-4259
327900,4767963,-3444
319695,4774577,-3560
321672,4772832,-7475
330577,4758198,-1909
329274,4767067,-2661
324293,4766278,-4801
322182,4771637,-2763
322572,4763904,-6263
322211,4771482,-2591
328511,4769072,-752
326549,4765791,-5868
321092,4776001,-4176
322458,4766570,-5317
326995,4767474,-2332
321742,4769841,-7232
328486,4767824,-3412
326863,4767475,-1876
326839,4768725,-2079
326882,4767466,-1863
323168,4776041,-2736
324913,4767849,-3470
320251,4769956,-7080
322531,4773725,-3742
321482,4769042,-6319
321153,4765164,-7260
317528,4777624,-7497
326716,4766282,-1853
327854,4768066,-1948
326752,4766322,-1630
327134,4768224,-1373
328756,4769329,-1052
331182,4765979,-1486
322189,4771668,-6279
321208,4772960,-4186
330494,4768461,-1604
325537,4774842,-2078
326456,4767107,-3419
321145,4772252,-3784
323105,4775496,-1637
325389,4770416,-2966
326804,4767606,-1926
328316,4768587,-1733
321080,4772109,-3210
328600,4769253,-2113
324845,4774295,-2960
321138,4772750,-4223
330250,4764035,-2229
332359,4762917,500
321464,4773791,-4005
329270,4768184,-2078
320289,4776195,-5694
318971,4777982,-5997
331633,4763368,-1508
321305,4773118,-4705
329426,4760563,-4300
326714,4766093,-1982
323532,4778700,-1623
330647,4768840,-924
324902,4775349,-2289
333767,4767190,213
330679,4768235,-1242
320102,4774022,-3805
330318,4758150,-2992
322043,4772378,-4314
326116,4761994,-5100
326828,4767712,-2217
323480,4763359,-5757
329563,4769096,-868
326758,4767052,-2054
324570,4767337,-4237
329132,4766906,-2374
320308,4774013,-3843
319856,4769802,-4710
329308,4769006,-1639
330233,4766907,-1651
326619,4766073,-1971
332148,4764306,32
324916,4765222,-4425
320440,4773746,-3390
321429,4771951,-3861
330350,4767500,-1566
331806,4769645,-713
327853,4767927,-2734
320908,4772394,-3166
327067,4769264,-1875
328565,4769486,-819
331192,4763015,-4818
324984,4767652,-3293
327133,4767230,-3075
332131,4764503,-934
332366,4764957,-975
329765,4756180,-4520
326118,4763017,-50
320361,4778210,-6382
327235,4767314,-2495
326260,4769724,-2292
329708,4766444,-2243
320461,4774280,-4211
320698,4771072,-1633
325890,4762390,138
326333,4767389,-3721
326413,4767699,-3799
330835,4759239,-1956
328289,4766401,-3647
326791,4766057,-1658
332903,4767664,985
326994,4768062,-1426
323982,4773603,-3084
323869,4773567,-3234
332196,4764308,-423
320418,4773955,-4346
320349,4773994,-4324
320788,4773809,-3878
331932,4760606,-658
324202,4773297,-2249
326738,4771576,260
320475,4774207,-4473
323951,4774454,-2965
319495,4778178,-5475
326626,4767791,-3542
330556,4758789,-3966
328328,4762874,-2920
326547,4769843,-1848
327771,4770132,-1178
332043,4764293,-810
331710,4763749,322
321932,4777295,-4386
324385,4774311,-2919
332402,4764354,-1059
330982,4758559,-2823
323810,4772892,-3366
321250,4772808,-2169
322769,4773527,-3361
327364,4771422,-771
327454,4771780,-536
324055,4774523,-3442
323037,4770696,-4933
324544,4765658,-4188
327002,4769116,-1742
330031,4765044,-2168
321282,4771949,-2127
321262,4771924,-1959
321254,4772016,-2026
324566,4762213,-514
320049,4771085,-1820
324538,4762216,-929
330693,4759704,-1757
322586,4768283,-5731
330969,4759340,-2316
330588,4759753,-1868
331372,4759099,-1676
324242,4763733,-346
330697,4758945,-2483
321244,4772019,-2018
321009,4772448,-3298
323818,4774506,-3455
330472,4760543,-864
321222,4771816,-2392
320947,4772698,-3933
330478,4763208,-4297
322374,4772604,-5365
331517,4759060,-1704
328716,4766988,-3920
322849,4769945,-5558
324395,4766380,-4429
329847,4767972,-1792
321613,4777388,-5656
321614,4772179,-3517
331380,4762969,-554
320437,4775858,-9041
326751,4767332,-1178
326950,4767873,-1899
324178,4769955,-4314
322465,4771048,-6167
324864,4764508,-4541
322584,4770879,-6221
329876,4767267,-1643
321785,4771642,-4027
330206,4764564,-2026
326877,4769410,-1607
329505,4754244,-6717
325919,4765623,-2843
330570,4756268,-4207
330272,4756156,-4252
329775,4766393,-2764
322418,4768866,-6022
320571,4772115,-1895
323256,4773831,-3932
323179,4772435,-4255
331967,4764540,-1118
326634,4767090,-3975
326547,4767132,-3607
326812,4767615,-1583
324536,4772480,-1716
324341,4772336,-1686
324114,4771994,-1621
324555,4772469,-1384
324513,4772366,-1487
320017,4772669,-5247
324192,4772281,-1981
327679,4769432,-1145
324109,4772267,-1823
324099,4771957,-1674
330230,4764996,-1642
323012,4777480,-4279
323737,4778555,-1129
328870,4763498,-3334
326755,4767319,-1097
330871,4756160,-4445
321971,4777037,-4745
321523,4775329,-3361
325960,4765547,-2622
330890,4758579,-2159
325587,4766816,-4921
326718,4767279,-1116
321626,4771266,-2471
326648,4768757,-1764
329003,4766724,-3308
324973,4764641,-4117
325055,4764860,-4388
331307,4757869,-2138
332723,4764876,-870
330985,4758953,-2934
324879,4761947,-1179
326848,4767582,-1225
326864,4767577,-1038
327060,4767699,179
331288,4758082,-1947
329888,4767509,-6164
325170,4765247,-4222
330756,4756448,-1561
330351,4762716,-16
331902,4760798,-580
330600,4759383,-2276
320454,4774452,-4374
322534,4773190,-2930
323694,4770053,-4257
329459,4757136,-4575
325868,4766631,-2048
323503,4766510,-5633
323725,4766583,-5671
323564,4765549,-3857
324511,4768493,-3288
332530,4758697,-1402
326687,4767181,-3368
323731,4766473,-6119
321107,4766537,-7682
326215,4774859,-1171
327403,4770522,-797
331065,4757481,-2089
332318,4764948,-129
327434,4771371,-592
331064,4757956,-2395
330856,4757782,-2222
321285,4773046,-4958
332872,4757166,-5264
321455,4774738,-3002
329839,4766800,-1780
328128,4767810,-879
329517,4756339,-4615
324406,4763590,-1019
330214,4756210,-3657
329669,4756295,-4587
327308,4769383,-1481
321097,4773032,-3051
330614,4756535,-1509
321411,4774852,-3015
324659,4767280,-3982
325321,4764591,-5965
326366,4766135,-4064
325174,4767294,-4876
328229,4768401,-1117
329841,4757539,-2269
326428,4766123,-2984
329853,4757319,-2428
330348,4756396,-4244
329825,4757547,-2600
327608,4769564,-749
321276,4774938,-3563
321336,4774619,-3315
321381,4774540,-3085
326684,4766551,-2468
326252,4765145,-2719
324239,4766588,-5051
331196,4759421,-4966
323263,4767831,-3669
326268,4766031,-4013
330696,4767528,-1841
325796,4767786,-3292
323405,4765541,-4155
326714,4766414,-2750
323818,4766676,-4046
324091,4766397,-6112
328702,4768909,-600
330517,4766480,-2203
322189,4773124,-2746
323717,4766696,-5484
330943,4756253,-3976
330976,4756316,-2058
319944,4769356,-5169
333183,4764433,186
328202,4767455,-2231
330107,4757618,-3396
330577,4762100,-6709
324207,4763887,-286
330354,4756660,-1489
325177,4770042,-2684
323987,4767605,-4104
317260,4776585,-7874
326821,4765988,-1601
326769,4765886,-1566
319608,4778300,-6906
328963,4769421,-1456
321817,4769654,-7130
329789,4756180,-4430
329245,4762143,-3897
322159,4772806,-2228
325043,4770078,-2706
326847,4768088,-1934
331497,4756585,-3214
331276,4756213,-4423
326623,4765649,-2124
320736,4771598,-3031
322442,4771817,-2805
330132,4758523,-2518
321659,4772263,-4045
326169,4762943,-255
332115,4755923,-3341
330644,4756598,-3875
324171,4762465,-115
326012,4773622,-1679
320636,4778319,-5203
328467,4768263,-740
330219,4763659,-2667
326238,4766221,-3585
329900,4756995,-1749
329368,4760944,-1933
328880,4769426,-1341
330443,4756774,-2541
330309,4764355,-1584
326033,4767320,-3775
327760,4769686,-525
329863,4756366,-4074
331495,4756838,-3357
328802,4766729,-3589
331682,4756872,-2977
328499,4768194,-3282
331447,4756698,-3538
329460,4767113,-2368
330251,4757159,-3135
325202,4766646,-4953
331842,4756889,-3086
330761,4758117,-2157
331846,4756753,-2899
331225,4756696,-3351
333223,4755945,-2899
332369,4764245,-1115
331024,4758045,-2272
325028,4765530,-4091
331988,4756827,-2995
328479,4769437,-1083
331512,4754986,-5141
330670,4767847,-1056
326969,4771631,-541
329588,4757398,-3314
321050,4776043,-5811
333247,4757259,-1653
332963,4756693,-2011
326957,4771025,-720
330368,4758300,-1207
333895,4755133,-2519
323270,4774261,-1943
332250,4760468,-159
330107,4764308,-2387
330451,4759119,-1967
329067,4767107,-2050
329717,4768431,-626
326478,4766219,-2713
332722,4757019,-2323
331398,4755660,-3927
328762,4768466,-75
328919,4769327,-1225
330520,4758351,-1544
333273,4756647,-1831
323531,4765306,-4836
327811,4771715,-243
330406,4758553,-2147
330356,4758677,-2182
331691,4755395,-4903
330281,4758898,-2243
330452,4758706,-2087
332927,4756415,-2341
332249,4763428,-380
328995,4768450,-1992
323479,4767700,-3575
333856,4755460,-2462
330156,4758506,-3082
330510,4758883,-2215
320982,4772798,-3282
326871,4761927,-1195
329985,4760482,-4639
331886,4755491,-4250
332210,4765786,-1004
329481,4768736,-67
332300,4765786,-1066
331308,4754177,-5743
332711,4755365,-3166
329629,4767778,-1970
332884,4754105,-3737
330198,4757950,-2527
323031,4773239,-2649
326850,4764322,-1732
321565,4771500,-3502
330278,4758090,-3011
329955,4757254,-1767
328956,4756534,-4740
333090,4768212,-92
327639,4762017,-932
333426,4756574,-2003
333260,4755077,-3007
324375,4765546,-5378
330270,4757828,-2727
330229,4757860,-2860
326432,4767334,-3729
319865,4777086,-7173
326828,4765989,-1604
326954,4766228,-1316
329839,4765351,-1971
328771,4761838,-1518
326755,4766143,-1653
331229,4763610,-885
326324,4767714,-2102
328481,4768121,-1697
333199,4756231,-2313
326891,4765442,-1589
323662,4772644,-3681
322042,4771860,-1469
333373,4755266,-2606
332306,4754135,-4123
330620,4758648,-2136
330840,4758467,-2071
330889,4758533,-2058
330935,4758688,-2315
324397,4764337,-640
328343,4768401,-1729
333633,4755512,-1898
334030,4755553,-2340
334348,4756692,-583
330680,4759069,-2757
319465,4777525,-8142
331631,4758446,-1319
333461,4756202,-2068
326403,4766146,-2143
326249,4765937,-3599
323624,4766397,-5497
323925,4766477,-5786
323616,4766482,-6099
327359,4769180,-2175
325701,4774909,-2805
324708,4765581,-4530
325914,4765650,-2013
325903,4765072,-3579
326247,4765438,-2909
323604,4764616,-5385
323209,4768036,-4117
325934,4759667,-3647
326352,4759941,-3027
327084,4761820,-2590
326970,4765348,-1685
322551,4765829,-7182
326260,4762450,-2533
326763,4765207,-1900
326638,4765455,-1712
325025,4766552,-3868
327813,4765634,-898
322941,4765357,-4549
326121,4765443,-2621
324787,4765123,-4690
326541,4765937,-1742
326446,4763286,-1965
325640,4761052,-4380
325030,4766743,-3549
326364,4765884,-2500
325659,4765838,-3211
322956,4765254,-6835
326923,4765231,-1942
326203,4764905,-3228
323378,4764480,-5316
330220,4761454,-1023
326159,4765509,-3701
326610,4764020,-2028
326852,4764595,-1361
326892,4764539,-1395
327458,4763674,-1355
327442,4763237,-1567
322482,4771722,-2987
326743,4763993,-1698
326163,4765328,-3427
327592,4763412,-1139
328098,4770282,-358
326484,4765981,-2161
326743,4764056,-2110
322743,4769844,-5436
327373,4763223,-1619
327281,4761330,-2756
322977,4763681,-6544
326603,4763944,-2005
325407,4763476,-4100
325628,4771748,-2565
325726,4761919,-3836
327396,4778175,-228
327301,4763300,-1480
325792,4766499,-2315
326613,4766222,-1101
326942,4765166,-1762
326407,4765705,-1941
326906,4767866,-996
325626,4763612,-4123
325421,4766236,-2466
327140,4762389,-1410
325903,4765465,-3907
322532,4763867,-6361
326348,4765674,-2606
325510,4764805,-4057
332881,4754275,-3759
326382,4763959,-2290
319374,4777710,-6377
323444,4763721,-5431
330714,4758996,-2874
323229,4764607,-6653
325989,4766427,-2147
326656,4765257,-2169
324165,4769925,-3267
324235,4769885,-3346
326514,4765653,-1923
326168,4764681,-1591
325135,4764079,-4280
326817,4760905,-1532
327689,4765708,-484
326324,4765870,-2512
323933,4772705,-3476
328444,4767922,-446
326738,4763474,-5295
325656,4765513,-3530
330596,4762938,-6412
321265,4770823,-1809
326011,4766093,-3085
323455,4764256,-5184
322791,4764666,-5748
323727,4765488,-5315
326086,4767042,-2134
326259,4761713,-3580
331934,4764222,-1173
332076,4764327,-1373
331331,4756476,-4159
328324,4760976,-1718
333963,4755306,-2319
321777,4768137,-6541
322822,4765439,-6732
326537,4760701,-3333
322949,4762859,-5756
331406,4763019,116
332523,4754544,-3306
325707,4766612,-1962
329163,4761386,-1942
327860,4764716,-568
327664,4765127,-833
322831,4764731,-5922
323222,4767811,-3664
327683,4762222,-1315
326057,4762477,-406
326050,4764827,-3638
327677,4766145,-810
327097,4761743,-2627
332461,4754287,-4004
326263,4767814,-1443
324164,4763559,-906
321675,4772121,-3785
327236,4762706,-917
320489,4772436,-3978
322391,4765457,-6890
327670,4761559,59
327559,4764671,-952
328076,4767076,-1001
326625,4764345,-1956
325377,4763297,-3722
326997,4761204,-3298
329895,4757745,-1480
321865,4770352,-6364
326721,4761042,-3622
327281,4762532,-115
330466,4758489,-2099
317758,4776075,-7274
325412,4759830,-5161
323531,4763617,-5309
323577,4763736,-5271
327468,4763548,-1264
327503,4763372,-1023
326872,4764697,-1365
327330,4763242,-1689
328057,4762196,-1256
325775,4765042,-4235
325357,4766387,-4083
327978,4762262,-1217
326615,4760079,-3427
326040,4759205,-3163
327108,4761163,-2378
327560,4763298,163
323297,4761698,-863
327497,4762972,-907
323261,4763916,-5905
323169,4763078,-6095
327224,4762617,-2310
326991,4761909,-2335
322733,4762474,-5710
332687,4754195,-4504
320825,4775550,-3945
320313,4773282,-4471
326008,4765810,-2942
326755,4765061,-2133
327157,4761179,-3470
326637,4764344,-1896
326122,4765915,-3505
326687,4764297,-1850
322814,4773716,-2821
329988,4756695,-1203
326724,4761104,-3528
325117,4760425,-4913
327202,4762374,-2460
320501,4769335,-7946
331625,4763507,-839
332309,4753881,-4985
330497,4761515,-1052
327920,4761386,-1412
328652,4768559,-1651
327224,4762919,-1448
326201,4759706,-4353
319279,4777190,-5788
334642,4755001,-2759
322308,4764353,-6289
329978,4757164,-4790
327283,4767872,-1655
326801,4765381,-1124
323951,4772686,-2069
326706,4765237,-1266
322445,4772507,-4859
326156,4760111,-3603
327739,4766275,-782
326263,4759822,-4180
326589,4764211,-2416
327206,4762793,-1214
330807,4761733,-4729
327750,4766221,-788
327082,4768001,-1496
327068,4768027,-1401
326299,4765945,-2384
327134,4762678,-1044
333771,4754655,-3029
333512,4765397,-747
332019,4764703,-661
330998,4755604,-756
326228,4764622,-3270
326357,4765960,-3436
325841,4765624,-3630
329984,4758453,-1969
323327,4766711,-4163
330180,4758437,-2236
329701,4757809,-1493
326887,4764396,-1642
330515,4761663,-5678
332910,4765063,-754
332782,4765033,-711
331068,4755850,-1644
321919,4771857,-4100
327076,4762800,-1192
329494,4754202,-1973
326197,4759830,-4347
323106,4763879,-5884
326745,4762606,-981
331096,4756572,-4943
333969,4754248,-2687
328008,4768912,-849
327538,4764038,-1066
325710,4765275,-3861
328614,4771701,-6003
335067,4753537,-3062
323145,4775393,-4720
322156,4765002,-7344
326301,4764583,-1625
327216,4762000,-2517
329792,4756783,-3131
330141,4752642,-3398
324000,4767423,-6841
326924,4767136,-1917
323382,4762467,-5780
327673,4765843,-825
325954,4766177,-3361
330233,4757215,-2336
330498,4757268,-1855
323723,4772689,-3451
330181,4757336,-2812
322349,4762478,-6555
327024,4769034,-1603
328600,4768207,517
322455,4765586,-6758
327739,4765676,-1446
327250,4762835,-1724
326464,4761717,-3815
326665,4765530,-1142
327587,4763348,-1364
326982,4763044,-1442
321602,4773762,-5500
326985,4762995,-1343
330904,4755425,-4599
332376,4764555,-1752
326362,4761573,-3659
320784,4774213,-3706
328733,4761308,-1808
326441,4759512,-2834
328168,4759188,-3832
330991,4762790,-4724
331076,4763088,-4077
322916,4763224,-6290
322706,4765865,-6875
320592,4774352,-4019
331531,4757439,-2106
315139,4779918,-6867
327371,4770442,-1038
333093,4754541,-3710
320854,4772822,-1784
326508,4769100,-1969
320458,4772691,-3594
320988,4773866,-3011
324508,4769228,-3292
321072,4774141,-3048
326145,4758434,-3747
330522,4768972,-1106
331274,4764802,-1632
326365,4763523,-1491
322303,4767126,-5371
328814,4761296,-1319
327140,4761011,-3214
320762,4764761,-7330
330408,4764063,-2337
330666,4769058,-1194
319933,4773083,-2277
326048,4765918,-3509
327929,4762235,-2317
330987,4751408,-4082
327045,4762248,-1623
332221,4765938,-1301
327975,4762249,-2113
332846,4754425,-3810
331253,4755311,-4175
333413,4754621,-2562
333855,4752439,-4923
330601,4756218,-3749
332195,4750536,-5685
330828,4753491,-5837
331191,4755811,-4315
334223,4753590,-3013
334117,4752492,-4509
334633,4753622,-3049
326852,4770995,-1158
333737,4752478,-4154
334217,4752413,-4602
335125,4752029,-2011
335382,4752259,-3361
332647,4751342,-5221
332613,4763994,-315
334876,4752068,166
334032,4751996,-4531
334181,4751446,-3866
334007,4751020,-4042
330029,4759846,-5949
331243,4765307,-1759
335139,4752742,-3331
327023,4761439,-2590
333725,4753974,-3787
333726,4753085,-3880
327734,4765368,-1274
334549,4750906,-4889
335261,4753087,-2797
334491,4751801,-4846
333069,4750675,-4448
325222,4759727,-5434
332503,4766070,-1283
332449,4751216,-3741
335426,4751014,-5519
333680,4752184,-4881
334671,4751700,-4125
323541,4773862,-3474
330123,4752348,-3664
333587,4753738,-3583
334030,4753029,-3673
333450,4750954,-4700
333610,4752986,-3431
335753,4752286,-3800
334557,4752510,-4365
333497,4751985,-5097
333299,4752320,-4724
333918,4752077,-5114
330210,4758697,-4486
333471,4753342,-3878
334831,4751609,-5346
331038,4762433,-5110
334831,4751587,-5478
333146,4752590,-2525
333369,4750880,-4912
330225,4758660,-4569
331650,4759687,-1149
331137,4762146,-8
333621,4751843,-4833
333709,4752552,-4619
333549,4752105,-5354
330983,4754818,-5428
333726,4752413,-4733
333094,4751151,-4505
335769,4751003,-4963
335649,4751034,-5299
329872,4761520,-1587
331355,4758833,-1377
334777,4751669,-5223
335283,4751932,-4810
331783,4758054,-787
334304,4751647,-5049
332095,4751241,-4179
331984,4752229,-5885
331080,4751391,-2877
327255,4762824,-1373
330159,4758457,-4241
330521,4757979,-2116
334458,4752368,-5116
334666,4752164,-4976
334142,4751507,-5369
333044,4755454,-2818
334789,4751436,-5364
335113,4752369,-4250
334317,4751502,-5774
322839,4771032,-1658
330243,4763944,-2188
333882,4752428,-4958
324067,4772602,-1516
335032,4752230,-4394
335070,4752020,-4375
332619,4766431,-634
332753,4766473,-481
324262,4772854,-1802
332087,4755481,-3828
322836,4771049,-1639
331555,4764117,-662
335443,4753139,-3138
322245,4766873,-6943
333509,4751325,-5470
335474,4753094,-3174
334352,4752535,-3429
330743,4759030,-2631
321225,4772169,-3143
336157,4752705,-2818
332257,4764069,-116
333270,4750977,-5272
326709,4759563,-3498
326457,4759622,-4443
326494,4759806,-4135
326563,4759747,-4221
329686,4757326,-2863
320893,4763030,-6683
336227,4750409,-5093
331637,4766445,-1315
324250,4773061,-1528
336352,4750380,-5276
336350,4751676,-4396
320495,4771355,-3775
330244,4761961,-1729
326197,4760101,-4522
336268,4751693,-4285
328035,4767109,-968
324172,4773320,-3377
333944,4751651,-5368
330899,4763256,-4457
326706,4759823,-4442
336154,4749132,-1194
330719,4762414,-4762
334261,4753201,-3684
336154,4752555,-3309
336509,4751370,-3414
326461,4759972,-4494
331049,4755041,-5070
332036,4756596,-1879
336871,4750648,-3902
334469,4754716,-2693
319979,4775084,-5295
334282,4752707,-3614
330561,4757130,-1912
331127,4756907,-1632
336063,4751431,-4267
334879,4751103,-1528
337518,4750445,-3267
330320,4758405,-2374
328544,4754856,-6464
329543,4757808,-2758
336462,4750266,-5219
337409,4750071,-5107
328983,4757432,-1781
321859,4772033,-7256
333236,4753969,-4392
336438,4751720,-3523
329622,4757913,-1786
332412,4754859,-3731
336898,4751541,-4179
329874,4758157,-1643
336587,4751762,-3666
334511,4753279,-3774
335269,4752097,-4573
337135,4749398,-4165
333345,4755158,-1970
336535,4752640,-3315
337239,4749582,-3393
334974,4752009,-4558
330466,4759820,-1988
336637,4750475,-4980
334338,4751832,-4952
337401,4750606,-4822
337303,4750453,-4268
330247,4756183,-3676
333711,4751698,-5383
325644,4765685,-3576
330374,4756219,-4084
327084,4761003,-3236
328393,4752876,-2716
336549,4750422,-3708
329600,4758039,-2530
333346,4752237,-3890
338028,4750386,-3318
336495,4750612,-5152
334937,4752379,-4131
330882,4754647,-5689
334152,4751536,-4880
327567,4761953,-969
331343,4757677,-1529
318601,4765034,-7198
330115,4756854,-2603
330553,4756740,-3055
334186,4750701,-4960
336894,4750890,-4135
337441,4750086,-4566
334411,4751842,-4737
329232,4755316,-5215
333966,4749344,-3738
334320,4749535,-4094
326527,4759828,-4190
335840,4749048,-1632
322639,4771925,-5027
335706,4750419,-4690
330640,4753688,-4360
326300,4759798,-4509
337626,4749850,-5158
336770,4751266,-2819
332682,4750575,-6667
337278,4750646,-4162
329984,4761038,-1790
326707,4759375,-4127
330474,4755880,-3615
334129,4748494,-4075
329418,4761546,-1872
329158,4755614,-3708
326461,4763899,-1644
337406,4749775,-4869
336511,4749672,-3141
332273,4755157,-3891
336771,4750959,-4127
336694,4751055,-4302
336231,4750822,-3413
329296,4766345,-8799
329420,4758133,-1722
320998,4776582,-3388
335878,4751780,-4176
335698,4751241,-4357
321703,4773546,-5132
328829,4757793,-1440
325973,4760033,-4674
318758,4765187,-7571
339745,4749335,-3985
326657,4761034,-2693
332514,4749117,-4368
332459,4748671,-1795
330201,4756358,-4216
329374,4757993,-2387
326053,4759593,-4334
336949,4749890,-6070
334081,4751728,-4819
328517,4756854,-3940
331314,4753508,-5952
332224,4756721,-1888
332809,4749003,-3997
329258,4758442,-1228
335511,4750773,-1908
329381,4758444,-1581
330727,4758647,-2589
329499,4758349,-45
338856,4749252,-3508
337362,4751505,-3371
333181,4756327,-1284
337361,4751924,-3060
329210,4755542,-4241
329864,4757540,-2609
337060,4752041,-2734
327028,4761106,-2608
336053,4751129,-5271
330460,4759515,-1661
339767,4749420,-3998
334260,4749712,-4567
336335,4750141,-5316
336878,4750817,-4596
337916,4749813,-4931
326775,4765451,-752
331422,4762195,-5056
336900,4750332,-4749
333892,4753591,-3714
327838,4762398,-1814
327776,4762284,-1623
331952,4760989,-612
336422,4752463,-2734
329707,4758587,-4801
326000,4764921,-3626
329289,4755445,-4456
331543,4756160,-2618
330363,4763731,-1813
330006,4757310,-2773
338135,4751290,-3215
327308,4754331,-1977
329193,4761167,-1543
334620,4754204,-2507
332609,4754537,-3914
330240,4757564,-1115
329606,4755943,-4619
326781,4759426,-4037
327666,4759778,-4208
333446,4756407,-1732
330264,4757607,-2071
330521,4763291,-4372
338495,4750753,-3336
326606,4763724,-1515
338416,4750084,-5058
338268,4749445,-4597
329900,4757013,-3665
330002,4757122,-3148
326612,4761241,-1594
332645,4753026,-88
322271,4770454,-5789
338119,4749504,-4828
334018,4751743,-4803
329418,4768177,-2025
333220,4752726,-4000
328300,4767536,-75
328158,4767306,-791
328298,4767850,-923
328285,4767777,-546
328266,4767831,-797
328363,4768225,-566
329917,4757625,-2656
328192,4767336,-364
328277,4768180,-779
328174,4767397,-544
328234,4767267,-975
327937,4766609,-493
328209,4767471,-379
327912,4770702,218
338399,4750628,-4181
328388,4768565,253
329407,4757766,-1623
328692,4768840,-2176
333540,4752438,-3879
329862,4756989,-3370
340007,4749223,-1989
332644,4750141,-5592
334225,4752177,-4857
329461,4757607,-1890
327054,4761700,-1960
338416,4750770,-3601
329602,4758743,-1846
334244,4752937,-4005
325386,4760219,-4994
336610,4750698,-5525
332611,4749564,-7447
325227,4760098,-5237
328420,4757350,-4243
326757,4761014,-1672
335885,4749084,-4683
327814,4771026,-596
329408,4758934,-1669
336070,4747079,-4656
338253,4749566,-4861
338462,4749916,-4300
328127,4767179,-219
331642,4760547,-1418
322722,4768494,-6291
329649,4757338,-3044
328252,4767472,-1092
331042,4756682,-2371
329208,4756985,-1524
327972,4766774,-810
339537,4749175,-4784
329693,4757314,-1880
336949,4751577,-4704
327365,4762951,-1925
328235,4767200,-1274
328430,4758202,-1105
336143,4750833,-5298
333986,4752764,-3740
334713,4752617,-4017
333603,4752725,-4624
338517,4750526,-3950
334024,4752884,-3775
322666,4764384,-6904
334748,4752438,-5254
325020,4773281,-3042
325035,4766714,-3738
326870,4768940,-2093
333512,4752735,-3485
327070,4761007,-2691
327170,4760925,-2735
327304,4761135,-2283
327222,4760893,-2749
327858,4766397,-683
326897,4760892,-3355
330061,4756113,-4373
331219,4759346,-1404
328124,4766662,-731
335642,4749973,-4962
328207,4764522,-4616
329180,4757187,-1759
320655,4771690,-3198
335919,4752156,-2967
330244,4767862,-1470
339222,4749584,-5095
338730,4749857,-4343
336860,4749983,-4762
330285,4767910,-1573
330654,4758255,-4264
331942,4750028,-6560
322907,4773386,-4497
332811,4763068,-279
322083,4767905,-5340
329765,4761355,-1368
328412,4768117,-2608
327004,4761748,-2154
332998,4749265,-3625
329224,4755661,-3928
327193,4761555,-2041
336116,4746613,-5250
336255,4746444,-5744
327443,4761334,-3374
336319,4746312,-5848
323238,4764146,-5595
337402,4752094,-2738
335904,4746670,-5231
329520,4757542,-2418
328378,4768147,-721
328320,4768135,-769
330768,4761183,-579
328355,4768142,-771
322706,4765924,-6903
331508,4755689,-3763
337048,4751366,-4185
329426,4761784,-1313
320994,4768879,-6722
335861,4750359,-5071
331134,4749302,-6617
327244,4762558,-2332
326422,4757923,-5824
336447,4750966,-4941
332779,4767612,418
329413,4758195,-1838
329306,4758579,-1661
327337,4762428,-2283
329396,4758221,-1786
332639,4762560,-901
327490,4761160,-3027
328916,4758151,-1877
336432,4750980,-4916
334851,4751197,-4228
327524,4761266,-3168
327668,4761232,-2985
327610,4761598,-1785
327616,4761572,-1656
329294,4760679,-2468
334026,4756716,-880
327186,4761307,-3051
336230,4751195,-4798
325576,4760386,-4784
314319,4779928,-6655
321111,4772319,-3541
336335,4746463,-5852
342030,4748155,-5110
342735,4748591,-4682
320031,4774483,-4903
331902,4763329,-3363
327298,4762819,-1622
330646,4757885,-2021
337618,4750140,-4986
337992,4749937,-4764
325760,4765829,-3769
337697,4750028,-4049
326044,4766183,-3168
330581,4762420,-1514
327233,4762623,-1589
327652,4760966,-1800
327349,4761186,-3157
327196,4761189,-2708
327366,4761037,-2982
327077,4767273,-1903
327596,4761299,-2013
316453,4778746,-7260
327283,4761080,-2635
327668,4764756,-1301
331907,4760673,-631
327360,4761098,-2744
338022,4749848,-4454
326921,4762465,-1102
333173,4755484,-2371
327519,4761395,-3092
327565,4761477,-2221
337152,4750746,-5493
323082,4770960,-1476
338101,4750167,-4630
336659,4751112,-4267
337002,4751041,-4804
326747,4766996,-1332
337069,4750874,-4603
333094,4755463,-2520
329173,4760952,-3154
326923,4764940,-1677
327699,4760804,-2822
327744,4761388,-3027
330742,4763096,-5070
336685,4751157,-4519
324388,4773016,-2755
329525,4757026,-3263
320438,4772675,-4392
334463,4749844,-4756
341382,4748131,-5297
327017,4757915,-5361
325963,4762260,-603
336377,4750835,-5388
330107,4760869,-1332
336458,4751193,-4554
334543,4751348,-4117
321142,4774812,-3150
329828,4754709,-5229
335788,4752087,-3692
329870,4761584,-1289
321546,4773948,-5371
327822,4761399,-1947
327680,4760786,-2684
337182,4751171,-4189
324267,4772871,-2814
326854,4767582,-852
335882,4751132,-5224
327324,4762750,-1220
329934,4757008,-3507
321796,4774207,-5069
337299,4751035,-4422
339598,4748918,-4460
327054,4768144,-932
332158,4766189,-1399
339314,4749030,-4460
339358,4748696,-4800
339326,4748816,-4142
336045,4750793,-5339
326740,4764563,-1803
338961,4749158,-4826
326464,4767785,-1124
330174,4760938,-1150
338166,4750101,-5127
320536,4772463,-4119
341519,4748241,-3951
329021,4758139,-1844
338814,4749411,-4706
338802,4749308,-4803
339155,4748963,-4773
328507,4762113,-1853
328447,4762189,-1837
339279,4748921,-5004
341316,4748157,-4979
325664,4761934,-2497
337373,4751318,-4015
323785,4764467,-937
337345,4750841,-4202
337362,4750641,-4449
327809,4761711,-2082
327823,4761367,-1968
337616,4750373,-4757
332187,4765791,-997
331448,4762668,-4193
341257,4748225,-5233
325423,4757923,-5410
326669,4766404,-974
323147,4764144,-5730
336520,4751145,-4686
336476,4751074,-4563
336648,4751004,-3051
327741,4765710,-1037
338477,4749474,-5302
326876,4759376,-4175
331149,4756207,-3190
323174,4764174,-5623
322692,4774249,-5579
328070,4766864,-127
326138,4765815,-3715
328105,4762433,-2067
337990,4750047,-4538
328535,4762801,-1683
322982,4768109,-5895
343634,4743423,-8180
341437,4744059,-7137
326925,4769182,-2282
329550,4761214,-1527
327099,4765655,-1637
334153,4755896,-1761
325400,4766702,-3740
326276,4770822,-1808
338294,4749996,-3867
335093,4751172,-4492
327002,4761512,-1903
331166,4764281,-531
336528,4751244,-5144
327661,4764926,-1455
327411,4763399,-1851
337284,4749381,-5317
332046,4763514,-1269
328256,4767913,-965
325192,4771911,-2916
337145,4748856,-5139
332381,4763592,-804
343296,4744222,-9006
337224,4749271,-5185
329890,4758588,-4891
324353,4764616,-825
331221,4763001,-1895
327651,4764305,-797
326337,4762840,-164
332310,4763959,-1062
331932,4763607,-736
327363,4762998,-1817
323923,4767521,-5849
323043,4761397,-1331
334086,4749897,-4483
325929,4766184,-2979
330369,4758433,-3908
323849,4762189,-1080
326579,4764563,-1693
326624,4764536,-1697
326044,4765908,-3408
336770,4751214,-4179
325640,4765902,-3483
326781,4765570,-1575
326727,4765694,-1710
326971,4762402,-2001
326873,4770683,-639
327651,4764653,-1253
330255,4757926,-3405
331914,4764067,-1675
325815,4765850,-3700
331124,4763395,-2078
326893,4762014,-2349
327078,4762104,-2432
337257,4749418,-5323
326255,4766229,-3281
326979,4761540,-2001
326236,4766208,-3236
326983,4761395,-1947
323929,4763535,-1654
329861,4758508,-1893
327114,4761591,-2385
327820,4761636,-1888
326584,4758690,-1511
323414,4764119,-6027
328995,4758658,-1975
321945,4774138,-4248
